  000000     
 00    00    
00      00   
00      00   
00      00   
00      00   
00      00   
00      00   
 00    00    
  000000     
    11       
   111       
  1111       
 11 11       
    11       
    11       
    11       
    11       
    11       
  111111     
  222222     
 22    22    
      22     
     22      
    22       
   22        
  22         
 22          
 22          
 22222222    
  333333     
 33    33    
      33     
     33      
   3333      
     33      
      33     
      33     
 33    33    
  333333     
 44    44    
 44    44    
 44    44    
 44    44    
 44444444    
       44    
       44    
       44    
       44    
       44    
 55555555    
 55          
 55          
 55          
 555555      
       55    
       55    
       55    
 55    55    
  555555     
  666666     
 66    66    
 66          
 66          
 6666666     
 66    66    
 66    66    
 66    66    
 66    66    
  666666     
 77777777    
       77    
      77     
      77     
     77      
     77      
    77       
    77       
    77       
    77       
  888888     
 88    88    
 88    88    
 88    88    
  888888     
 88    88    
 88    88    
 88    88    
 88    88    
  888888     
  999999     
 99    99    
 99    99    
 99    99    
  9999999    
       99    
       99    
       99    
 99    99    
  999999     
